_ts|player_id|place|ball|direc
0|77711|da|0|no
0|15403|mf|1|fw
0|8533|da|0|no
1|15403|mf|1|fw
1|15076|mf|1|la
2|15076|mf|1|la
7|78140|di|1|fw
8|78140|di|1|fw
10|52940|mf|1|fw
11|52940|mf|1|fw
14|78140|di|1|fw
18|40539|mf|0|la
18|12297|mf|0|fw
24|78140|mf|0|fw
25|21095|di|0|la
26|21095|di|1|la
33|85352|mf|1|la
35|154685|di|0|la
35|8533|oi|0|fw
36|154685|di|1|la
38|80480|di|0|la
40|95742|di|1|la
41|95742|di|1|la
41|80480|di|1|la
42|80480|di|1|la
45|40539|da|1|la
46|40539|di|1|la
49|154685|da|1|la
50|154685|di|1|la
56|47659|di|1|fw
57|47659|di|1|fw
60|40539|di|1|la
61|40539|da|1|la
62|47659|di|1|fw
63|47659|di|1|fw
64|13867|di|1|fw
65|3273|mf|1|fw
65|13867|mf|1|fw
66|3273|mf|1|fw
67|59115|mf|1|la
68|59115|mf|1|la
73|80480|mf|1|la
74|21095|da|0|la
76|59115|mf|1|la
77|95742|mf|1|la
78|95742|mf|1|la
80|77711|da|0|no
82|77711|mf|0|la
82|15076|mf|0|fw
113|13867|oi|0|la
116|15076|da|0|la
118|40539|mf|1|la
120|95742|mf|1|fw
121|95742|mf|1|fw
126|131897|di|1|la
128|52940|mf|1|fw
130|12297|mf|0|fw
132|12297|oi|0|fw
135|40539|da|1|la
136|131897|da|0|la
137|131897|da|1|la
142|3273|mf|1|la
143|52940|mf|1|fw
146|78140|di|0|fw
147|78140|di|1|fw
149|21095|di|1|la
150|21095|di|1|la
155|85352|mf|1|la
159|131897|da|0|no
160|131897|da|0|la
161|131897|da|0|la
226|40539|di|0|la
227|40539|di|1|la
228|59115|di|1|la
229|59115|di|1|la
231|47659|di|1|fw
232|47659|di|1|fw
234|154685|da|1|la
235|154685|da|1|la
239|40539|da|1|la
240|40539|di|1|la
241|95742|di|1|la
242|95742|di|1|la
245|40539|di|1|la
246|40539|mf|1|la
248|13867|mf|1|fw
249|13867|mf|1|fw
251|154685|di|1|fw
252|154685|di|1|la
254|40539|di|1|la
255|40539|di|1|la
257|13867|di|1|fw
258|13867|di|1|fw
259|154685|di|1|fw
260|154685|di|1|fw
261|131897|da|1|la
262|131897|da|1|la
269|154685|di|1|fw
272|3273|mf|0|fw
272|21095|mf|0|la
273|3273|da|0|no
273|21095|di|0|la
274|80480|mf|1|la
276|77711|mf|1|fw
278|15076|mf|1|la
279|77711|mf|1|la
282|40539|di|1|la
283|40539|mf|1|la
284|3273|mf|1|fw
285|3273|mf|1|fw
287|47659|mf|1|fw
288|47659|mf|1|fw
290|13867|mf|1|fw
291|13867|mf|1|fw
297|95742|mf|1|fw
299|8533|da|0|no
302|8533|oa|0|fw
303|8533|oa|0|fw
305|131897|da|0|la
309|131897|da|0|la
310|80480|di|0|la
311|80480|mf|1|la
313|3273|mf|1|la
314|3273|mf|1|la
315|13867|mf|1|la
316|13867|mf|1|la
323|47659|mf|1|fw
324|47659|mf|1|fw
326|77711|oi|1|la
328|78140|di|0|la
329|95742|mf|1|la
332|80480|mf|1|la
333|80480|mf|1|la
334|95742|mf|1|la
335|95742|mf|1|la
337|40539|mf|1|la
338|40539|di|1|la
340|154685|di|1|fw
341|47659|mf|1|fw
341|154685|di|1|fw
342|47659|mf|1|fw
346|100887|mf|0|fw
346|85352|mf|0|la
359|59115|mf|0|fw
362|40539|mf|0|la
363|40539|mf|1|fw
364|13867|mf|1|fw
365|13867|mf|1|fw
368|47659|mf|1|fw
371|72162|da|0|no
384|72162|da|0|la
386|78140|di|0|la
387|78140|di|1|la
389|72162|da|1|la
390|72162|da|1|la
397|12297|da|0|no
397|80480|mf|0|la
402|80480|mf|0|la
404|3273|mf|0|la
405|3273|oi|1|la
408|77711|oa|0|la
410|72162|da|0|la
423|72162|da|0|la
424|85352|di|0|la
425|85352|di|1|la
427|72162|da|1|la
428|72162|da|1|la
432|15403|mf|1|la
433|47659|di|0|fw
436|47659|di|1|fw
436|13867|mf|1|fw
437|13867|mf|1|fw
438|59115|mf|1|fw
439|59115|mf|1|la
446|40539|di|1|la
447|40539|mf|1|la
450|58877|mf|0|la
450|47659|mf|0|fw
453|58877|mf|0|la
453|47659|mf|0|fw
471|58877|mf|0|la
471|21095|di|0|la
472|21095|di|1|la
473|78140|mf|1|fw
474|78140|mf|1|fw
475|52940|mf|1|fw
476|52940|mf|1|fw
479|78140|mf|1|fw
484|58877|oi|0|la
484|47659|di|0|fw
497|47659|di|0|fw
501|3273|mf|0|fw
501|21095|mf|0|la
502|15076|mf|1|la
504|58877|mf|0|la
507|58877|oi|0|la
507|40539|di|0|la
524|154685|di|0|la
524|59115|di|0|fw
525|154685|di|1|la
525|59115|di|1|fw
526|154685|di|1|la
528|40539|di|1|la
529|40539|di|1|la
530|80480|di|1|la
531|80480|di|1|la
533|40539|di|1|la
534|40539|di|1|la
543|59115|mf|1|fw
548|39204|da|1|la
549|72162|da|1|la
550|72162|da|1|la
552|15403|mf|1|la
554|40539|mf|1|fw
555|154685|mf|1|fw
556|154685|mf|1|fw
557|131897|di|1|la
558|131897|di|1|la
560|154685|di|1|fw
561|154685|di|1|fw
564|47659|mf|1|fw
565|47659|mf|1|fw
566|100887|mf|1|fw
569|13867|mf|0|fw
569|15076|mf|0|la
592|21095|mf|0|la
593|78140|mf|1|la
596|58877|oi|0|la
596|13867|di|0|fw
597|58877|da|0|no
609|47659|di|0|fw
611|3273|mf|0|fw
612|3273|mf|1|fw
617|77711|oi|0|fw
617|78140|di|0|la
621|77711|oa|0|la
621|78140|da|0|fw
624|78140|da|0|no
626|80480|oi|0|la
633|13867|oa|0|la
634|13867|mf|1|la
635|154685|mf|1|la
636|13867|mf|1|la
636|154685|mf|1|la
637|13867|mf|1|la
638|47659|mf|1|fw
639|47659|mf|1|fw
642|100887|mf|0|fw
643|21095|mf|1|la
644|15403|mf|0|la
645|85352|mf|1|la
646|85352|mf|1|la
650|12297|mf|0|fw
650|80480|mf|0|la
651|77711|mf|0|la
653|77711|mf|1|la
656|15076|mf|0|fw
659|15076|mf|1|fw
660|39204|mf|1|fw
661|39204|mf|1|fw
662|78140|mf|1|fw
663|78140|mf|1|fw
665|21095|mf|1|la
666|100887|mf|0|fw
667|85352|mf|0|la
669|77711|mf|0|fw
669|85352|mf|0|la
678|47659|mf|0|fw
679|3273|oi|0|fw
680|3273|oi|1|fw
682|47659|mf|1|fw
683|47659|oi|1|fw
683|3273|oi|1|fw
684|3273|mf|1|fw
686|59115|mf|1|fw
687|47659|oi|1|fw
687|59115|mf|1|fw
689|100887|da|0|no
691|100887|oi|0|fw
691|85352|di|0|la
705|21095|mf|0|la
711|72162|di|1|la
714|40539|di|0|la
714|12297|oi|0|fw
715|40539|di|0|la
718|39204|mf|1|fw
720|52940|mf|1|fw
721|52940|mf|1|fw
730|72162|da|1|la
731|72162|di|1|la
734|12297|mf|0|fw
734|154685|mf|0|la
735|12297|mf|1|fw
735|59115|di|0|la
740|12297|di|0|la
740|59115|oi|0|fw
761|58877|di|0|la
764|59115|mf|0|fw
765|154685|mf|0|fw
766|154685|mf|1|fw
768|59115|mf|1|fw
771|72162|da|0|la
774|72162|da|0|la
775|78140|di|0|la
776|78140|di|1|la
777|39204|mf|1|la
778|39204|mf|1|la
780|78140|di|1|la
781|78140|di|1|la
783|21095|di|1|la
784|21095|di|1|la
786|85352|di|1|la
787|85352|di|1|la
790|15403|mf|1|la
791|15403|mf|1|la
792|85352|di|1|la
793|85352|di|1|la
794|21095|di|1|la
795|21095|di|1|la
800|78140|di|1|fw
801|78140|di|1|fw
805|21095|da|1|la
806|21095|da|1|la
807|8533|mf|0|la
809|59115|mf|1|fw
810|47659|di|0|fw
817|131897|da|1|la
821|15076|mf|1|la
822|58877|mf|1|la
823|58877|mf|1|la
827|78140|di|0|la
832|78140|di|1|la
833|72162|da|1|la
834|72162|da|1|la
838|85352|da|1|la
841|59115|mf|1|fw
844|131897|di|0|fw
845|131897|di|1|fw
847|12297|mf|0|la
847|131897|mf|0|fw
858|58877|mf|0|la
858|85352|di|0|la
859|85352|di|1|la
860|21095|di|1|la
861|21095|di|1|la
866|52940|mf|1|fw
867|52940|mf|1|fw
868|39204|mf|1|fw
869|39204|mf|1|fw
871|78140|mf|1|fw
872|78140|mf|1|fw
873|21095|di|1|la
874|21095|di|1|la
876|85352|di|1|la
877|85352|mf|1|la
879|100887|mf|0|fw
879|15403|mf|1|la
881|100887|oi|1|fw
884|13867|mf|1|fw
885|15403|mf|0|la
886|47659|mf|1|fw
886|13867|mf|1|fw
887|47659|mf|1|fw
888|59115|mf|1|fw
889|85352|di|0|la
893|15403|di|1|la
895|154685|mf|0|la
896|154685|mf|1|la
901|131897|da|1|la
905|52940|mf|0|fw
907|52940|mf|1|fw
911|78140|mf|1|fw
913|100887|mf|0|fw
914|100887|mf|0|fw
914|85352|mf|0|la
919|100887|oa|1|fw
919|13867|oa|1|fw
920|78140|da|0|la
920|13867|oa|0|fw
922|78140|da|0|la
922|13867|oa|0|fw
964|77711|oa|0|fw
967|12297|da|0|la
969|80480|oi|1|la
971|77711|oa|0|la
974|3273|oa|0|fw
974|154685|da|0|no
974|15076|da|0|no
974|85352|da|0|la
1005|72162|da|0|la
1009|40539|mf|1|la
1010|78140|mf|1|fw
1015|52940|mf|1|fw
1016|52940|mf|1|fw
1026|80480|di|0|la
1026|8533|oi|0|fw
1056|8533|oi|0|fw
1057|12297|oa|0|fw
1058|12297|oa|0|fw
1058|131897|da|0|la
1061|131897|da|0|la
1074|59115|di|0|la
1074|131897|da|0|la
1075|59115|di|1|la
1076|47659|di|1|fw
1077|47659|mf|1|fw
1077|100887|mf|1|fw
1078|100887|mf|1|fw
1082|47659|mf|1|fw
1086|21095|di|0|la
1088|100887|da|0|no
1088|85352|di|0|la
1089|100887|oi|0|fw
1089|85352|di|0|la
1091|100887|oi|0|fw
1093|47659|mf|0|fw
1094|47659|mf|1|fw
1098|13867|mf|0|fw
1098|15076|mf|0|la
1100|15403|mf|0|la
1102|15403|mf|1|la
1106|13867|da|0|la
1106|15403|oa|0|fw
1120|80480|mf|0|la
1120|131897|da|0|la
1121|80480|mf|1|la
1122|40539|di|1|la
1123|40539|di|1|la
1126|59115|di|1|la
1129|21095|di|0|la
1131|39204|mf|1|la
1132|52940|di|0|fw
1133|52940|di|1|fw
1133|78140|di|1|la
1134|78140|di|1|la
1138|72162|da|1|la
1142|59115|mf|1|la
1144|39204|mf|0|fw
1144|13867|da|0|no
1156|95742|mf|0|la
1158|13867|mf|1|la
1161|58877|mf|1|la
1163|154685|mf|0|fw
1163|8533|mf|0|la
1164|8533|mf|0|la
1168|8533|oa|0|fw
1226|3273|mf|1|fw
1226|13867|mf|1|fw
1227|3273|mf|1|fw
1229|77711|mf|0|la
1229|78140|mf|0|fw
1230|95742|mf|1|la
1230|13867|mf|1|la
1231|13867|mf|1|fw
1232|100887|mf|1|fw
1233|47659|mf|1|fw
1233|100887|mf|1|fw
1234|47659|mf|1|fw
1237|3273|oa|1|fw
1238|3273|oa|0|fw
1313|15403|mf|1|fw
1313|8533|mf|1|la
1314|15403|mf|1|fw
1315|52940|mf|0|fw
1315|80480|mf|0|la
1319|52940|mf|0|fw
1320|78140|di|0|fw
1321|78140|di|1|fw
1323|21095|di|1|la
1324|78140|mf|1|fw
1324|21095|mf|1|fw
1325|78140|mf|1|fw
1332|72162|da|1|la
1336|40539|di|1|la
1338|15076|mf|1|fw
1340|12297|mf|0|fw
1340|59115|mf|0|la
1342|15076|mf|1|fw
1346|52940|mf|1|fw
1347|52940|mf|1|fw
1348|15076|mf|1|fw
1349|39204|mf|1|fw
1349|15076|mf|1|fw
1350|39204|mf|1|fw
1352|78140|mf|1|fw
1353|78140|mf|1|fw
1356|15076|mf|1|fw
1357|15076|mf|1|fw
1361|58877|oi|1|la
1362|58877|oi|1|la
1364|39204|mf|1|la
1365|39204|mf|1|la
1376|8533|mf|1|fw
1377|39204|mf|1|fw
1377|8533|oi|1|fw
1378|39204|mf|1|fw
1381|52940|oi|0|fw
1381|80480|di|0|la
1383|52940|oa|0|fw
1384|52940|oa|0|fw
1384|77711|da|0|no
1404|131897|da|0|la
1407|100887|oa|0|fw
1407|85352|da|0|la
1410|15076|da|1|la
1410|85352|da|1|la
1411|15076|da|1|la
1414|154685|mf|0|fw
1414|8533|mf|0|la
1415|8533|mf|1|la
1416|12297|mf|1|fw
1417|39204|mf|1|fw
1417|12297|mf|1|fw
1418|39204|mf|1|fw
1424|8533|oa|1|fw
1425|80480|da|0|la
1425|8533|oa|0|fw
1429|47659|da|0|la
1430|39204|oi|1|fw
1430|15076|mf|1|fw
1431|39204|oi|1|fw
1433|78140|mf|1|fw
1434|78140|mf|1|fw
1436|52940|oi|1|fw
1437|52940|oi|1|fw
1441|8533|oi|1|fw
1445|100887|di|1|fw
1447|3273|di|1|la
1450|58877|oi|0|fw
1450|3273|da|0|la
1472|15403|oa|0|fw
1473|21095|oa|0|fw
1473|59115|da|0|la
1474|21095|oa|0|fw
1475|3273|da|0|la
1475|8533|oa|0|fw
1492|40539|da|0|la
1492|131897|da|0|la
1493|40539|da|1|la
1495|13867|di|1|la
1496|13867|di|1|la
1496|80480|mf|1|la
1497|80480|mf|1|la
1503|40539|di|1|la
1504|40539|di|1|la
1505|95742|di|1|la
1506|95742|di|1|la
1513|40539|di|1|la
1514|40539|mf|1|la
1516|77711|mf|0|la
1519|40539|mf|0|la
1519|52940|mf|0|fw
1521|77711|mf|1|la
1523|3273|mf|0|la
1524|3273|mf|0|la
1524|21095|mf|0|fw
1531|58877|mf|0|la
1531|39204|mf|0|fw
1532|58877|oi|1|la
1533|15403|mf|1|la
1534|15403|mf|1|la
1540|12297|oa|0|fw
1565|131897|da|0|la
1568|40539|di|0|la
1569|40539|di|1|la
1569|95742|di|1|la
1570|95742|di|1|la
1575|40539|di|1|la
1576|40539|di|1|la
1578|154685|di|1|fw
1579|154685|di|1|fw
1580|47659|mf|1|fw
1583|15403|mf|0|la
1586|15403|mf|1|fw
1588|40539|di|0|la
1590|154685|di|1|la
1591|154685|di|1|la
1592|100887|mf|1|fw
1593|100887|mf|1|fw
1593|13867|mf|1|fw
1594|13867|mf|1|fw
1601|100887|oa|0|fw
1601|21095|da|0|la
1603|21095|da|0|la
1605|58877|di|1|la
1606|58877|di|1|la
1607|15403|mf|1|la
1608|58877|di|1|la
1608|15403|mf|1|la
1609|58877|di|1|la
1609|85352|di|1|la
1610|85352|di|1|la
1616|78140|di|1|la
1617|39204|mf|1|fw
1617|78140|di|1|la
1618|39204|mf|1|fw
1620|52940|mf|1|fw
1621|52940|mf|1|fw
1623|78140|di|1|fw
1624|78140|di|1|fw
1626|72162|da|1|la
1627|72162|da|1|la
1632|85352|di|1|la
1633|85352|di|1|la
1634|58877|mf|1|la
1635|58877|mf|1|la
1637|85352|di|1|la
1638|85352|di|1|la
1641|21095|di|1|la
1642|21095|di|1|la
1644|85352|di|1|la
1645|15403|mf|1|la
1645|85352|di|1|la
1646|15403|mf|1|la
1647|58877|mf|1|la
1648|58877|mf|1|la
1649|8533|mf|1|la
1650|8533|mf|1|la
1652|58877|oi|1|la
1653|58877|oi|1|la
1653|8533|oi|1|la
1654|8533|oi|1|la
1657|58877|oa|0|fw
1658|40539|da|0|la
1659|154685|da|0|la
1660|13867|di|0|la
1660|15403|oi|0|fw
1678|154685|da|0|la
1679|47659|di|0|fw
1680|47659|di|1|fw
1683|21095|da|0|no
1686|3273|oi|1|fw
1688|100887|oi|0|fw
1688|15076|di|0|la
1689|100887|oi|0|fw
1689|15076|di|0|la
1700|47659|oi|0|fw
1708|3273|oa|0|fw
1708|21095|da|0|la
1709|3273|oa|0|fw
1709|21095|da|0|la
1725|47659|oa|0|fw
1728|78140|da|0|la
1730|154685|oi|1|fw
1733|58877|di|1|la
1735|59115|mf|1|fw
1737|77711|oi|0|fw
1739|52940|di|0|fw
1741|52940|di|1|fw
1745|78140|di|1|la
1749|47659|mf|1|fw
1750|59115|mf|0|fw
1752|59115|mf|1|fw
1755|80480|mf|1|la
1756|80480|mf|1|la
1757|13867|oi|1|la
1758|13867|oi|1|la
1759|80480|oi|1|la
1760|80480|oi|1|la
1761|13867|mf|1|la
1762|13867|mf|1|la
1763|80480|oi|1|la
1765|78140|di|1|fw
1765|13867|oi|0|la
1766|13867|oi|0|la
1766|15403|di|0|fw
1769|78140|di|0|fw
1769|13867|oi|0|la
1774|78140|da|0|fw
1774|13867|oa|0|la
1775|78140|da|0|fw
1775|13867|oa|0|la
1797|13867|oa|0|fw
1799|12297|da|0|la
1799|154685|oa|0|fw
1800|15403|di|1|la
1805|131897|di|1|la
1808|100887|oi|1|fw
1809|100887|oi|1|fw
1810|8533|da|0|no
1811|3273|oi|1|fw
1812|59115|oi|1|fw
1813|59115|oi|1|fw
1817|100887|oa|1|fw
1818|100887|oa|1|fw
1819|13867|oa|1|fw
1820|13867|oa|0|fw
1821|13867|oa|0|fw
1821|8533|da|0|la
1852|72162|da|0|la
1852|15403|mf|0|la
1852|59115|mf|0|fw
1853|59115|mf|1|fw
1855|3273|da|0|no
1856|3273|mf|0|fw
1856|85352|mf|0|la
1901|77711|oi|0|fw
1903|40539|oa|0|fw
1904|72162|da|0|la
1904|40539|oa|0|fw
1906|72162|da|0|la
1918|72162|da|0|la
1919|15403|di|0|la
1919|15076|di|1|la
1919|85352|di|1|la
1920|15403|mf|1|la
1920|15076|di|1|la
1920|85352|di|1|la
1921|85352|di|1|la
1924|12297|mf|1|la
1925|100887|mf|0|fw
1926|100887|mf|0|fw
1927|100887|di|1|fw
1928|47659|di|1|fw
1929|47659|di|1|fw
1930|154685|di|1|la
1931|154685|di|1|la
1933|131897|da|1|la
1934|131897|da|1|la
1936|40539|da|1|la
1937|40539|da|1|la
1938|95742|di|1|la
1939|95742|di|1|la
1942|80480|di|1|la
1943|80480|di|1|la
1945|40539|da|1|la
1946|40539|di|1|la
1948|154685|di|1|fw
1949|154685|di|1|fw
1951|47659|mf|1|fw
1952|47659|mf|1|fw
1955|13867|mf|1|fw
1956|13867|mf|1|fw
1958|47659|mf|1|fw
1959|47659|di|1|fw
1961|131897|da|1|la
1962|131897|da|1|la
1965|40539|di|1|la
1966|40539|di|1|la
1968|80480|mf|1|la
1970|52940|mf|0|fw
1972|39204|mf|0|fw
1974|78140|di|1|fw
1975|78140|di|1|fw
1980|72162|da|1|la
1985|100887|mf|1|fw
1985|59115|mf|1|fw
1986|100887|mf|1|fw
1988|47659|mf|0|fw
1989|47659|mf|1|fw
1991|13867|mf|0|fw
1991|21095|di|0|la
1994|15076|mf|1|la
2007|21095|di|0|la
2009|78140|di|1|fw
2011|80480|mf|0|la
2012|80480|mf|1|la
2016|72162|da|1|la
2018|85352|di|1|la
2019|15403|mf|1|la
2019|85352|di|1|la
2020|15403|mf|1|la
2021|58877|mf|0|la
2022|58877|mf|0|la
2022|80480|mf|0|fw
2031|47659|oi|0|fw
2035|100887|oi|0|fw
2036|100887|oi|0|fw
2036|78140|di|0|la
2038|100887|oi|0|la
2038|78140|di|0|fw
2051|80480|oi|0|la
2052|13867|oi|0|la
2053|39204|mf|0|fw
2054|39204|di|1|la
2054|59115|oi|0|la
2057|52940|da|0|fw
2057|13867|oa|0|la
2064|13867|oi|1|la
2069|40539|mf|1|la
2070|40539|oi|1|la
2072|13867|mf|1|la
2073|13867|mf|1|la
2079|154685|mf|1|la
2080|154685|mf|1|fw
2083|58877|mf|0|la
2083|47659|mf|0|fw
2084|47659|mf|1|fw
2084|3273|oi|1|fw
2085|3273|oi|1|fw
2086|13867|mf|1|fw
2087|13867|mf|1|fw
2088|95742|mf|1|la
2089|95742|mf|1|la
2093|80480|oi|0|la
2094|21095|da|0|la
2097|13867|oi|1|fw
2102|72162|da|0|la
2111|72162|da|1|la
2115|12297|mf|0|fw
2115|59115|mf|0|la
2117|39204|mf|1|fw
2120|80480|di|0|la
2121|80480|mf|0|la
2122|52940|oi|1|fw
2122|80480|mf|0|la
2125|52940|oi|0|fw
2129|78140|mf|0|fw
2130|78140|mf|1|fw
2134|72162|da|1|la
2135|72162|da|1|la
2139|85352|da|1|la
2140|85352|da|1|la
2143|72162|da|1|la
2145|72162|mf|0|la
2145|80480|mf|0|fw
2155|47659|mf|0|fw
2161|3273|oa|0|fw
2163|78140|da|0|la
2164|3273|oi|0|fw
2164|78140|di|0|la
2171|47659|oi|0|fw
2171|100887|oi|0|fw
2172|100887|oi|1|fw
2173|47659|oi|1|fw
2174|47659|oi|1|fw
2175|13867|oi|0|fw
2176|15076|di|0|la
2177|15403|di|0|la
2178|85352|di|1|la
2179|85352|di|1|la
2182|39204|mf|1|fw
2183|39204|mf|1|fw
2184|52940|di|1|fw
2185|52940|di|1|fw
2186|78140|da|1|la
2187|78140|da|1|la
2190|72162|da|1|la
2194|47659|mf|1|fw
2195|85352|di|1|la
2198|13867|mf|1|fw
2198|154685|mf|1|fw
2199|13867|mf|1|fw
2200|59115|mf|0|fw
2202|100887|mf|1|fw
2203|100887|mf|1|fw
2204|77711|oi|1|fw
2205|77711|oi|1|fw
2209|95742|oi|1|la
2210|95742|oi|1|la
2213|80480|mf|1|la
2214|80480|mf|1|la
2215|95742|mf|1|la
2216|95742|mf|1|la
2218|77711|oi|1|la
2219|77711|oi|1|la
2220|80480|oi|1|la
2221|80480|oi|1|la
2222|77711|oa|1|fw
2223|21095|da|0|la
2225|77711|oi|0|la
2225|21095|di|0|fw
2239|95742|oi|0|la
2239|80480|oi|0|la
2240|95742|oi|1|la
2241|80480|oi|1|la
2243|78140|da|0|no
2244|78140|da|0|no
2244|80480|oa|0|la
2264|78140|da|0|fw
2270|40539|mf|0|la
2270|8533|mf|0|fw
2280|40539|di|0|la
2280|80480|mf|0|la
2280|59115|mf|1|la
2281|40539|di|1|la
2281|59115|mf|1|la
2282|40539|di|1|la
2283|40539|di|1|la
2287|154685|di|1|fw
2288|154685|di|1|la
2289|59115|di|1|la
2290|59115|di|1|la
2291|47659|mf|1|fw
2292|47659|mf|1|fw
2294|154685|di|1|fw
2295|154685|di|1|fw
2298|40539|di|1|la
2299|40539|di|1|la
2309|154685|mf|1|fw
2311|58877|di|0|la
2313|15076|di|1|la
2316|154685|mf|1|fw
2319|40539|mf|1|la
2320|40539|mf|1|la
2321|77711|oi|0|la
2323|40539|oi|0|la
2323|52940|di|0|fw
2335|52940|di|0|fw
2336|39204|di|0|fw
2337|39204|di|1|fw
2338|52940|di|1|fw
2339|52940|di|1|fw
2343|40539|mf|0|la
2343|12297|mf|0|fw
2365|39204|mf|0|fw
2365|8533|mf|0|fw
2366|39204|mf|1|fw
2368|78140|mf|1|fw
2369|78140|mf|1|fw
2369|21095|mf|1|la
2370|21095|mf|1|la
2374|100887|mf|0|fw
2374|85352|mf|1|la
2375|100887|mf|0|fw
2375|85352|mf|0|la
2386|58877|mf|0|la
2389|47659|mf|0|fw
2389|12297|mf|0|la
2389|59115|mf|0|fw
2390|154685|di|1|fw
2391|154685|di|1|fw
2393|131897|da|1|la
2394|131897|da|1|la
2398|100887|da|0|no
2398|15076|mf|0|la
2423|47659|mf|0|fw
2424|154685|di|0|fw
2425|154685|di|1|fw
2429|40539|di|1|la
2430|40539|di|1|la
2431|154685|di|1|fw
2432|154685|di|1|fw
2434|47659|mf|1|fw
2435|47659|mf|1|fw
2437|154685|di|1|fw
2438|154685|di|1|fw
2439|40539|di|1|la
2440|40539|di|1|la
2443|80480|mf|1|la
2447|72162|da|0|no
2448|72162|da|0|la
2456|72162|da|1|la
2462|40539|mf|0|la
2462|12297|mf|0|fw
2476|40539|mf|0|la
2476|154685|mf|0|la
2477|154685|mf|1|fw
2481|47659|mf|0|fw
2482|58877|mf|0|la
2484|15076|mf|1|la
2485|15076|mf|1|la
2486|39204|mf|1|fw
2487|39204|mf|1|fw
2488|78140|di|1|la
2489|78140|di|1|la
2493|21095|mf|1|la
2494|21095|mf|1|la
2495|85352|di|1|la
2496|85352|di|1|la
2504|72162|da|1|la
2505|72162|da|1|la
2509|85352|da|1|la
2510|85352|di|1|la
2512|39204|mf|1|la
2513|39204|mf|1|la
2514|78140|di|1|la
2515|78140|di|1|la
2520|52940|mf|1|fw
2521|52940|mf|1|fw
2522|39204|mf|1|fw
2523|39204|mf|1|fw
2524|78140|mf|1|fw
2525|78140|di|1|fw
2527|21095|di|1|la
2528|21095|di|1|la
2530|85352|di|1|la
2531|85352|mf|1|la
2532|15403|mf|1|la
2533|15403|mf|1|la
2534|85352|di|1|la
2535|85352|di|1|la
2538|21095|di|1|la
2539|21095|di|1|la
2540|78140|mf|1|fw
2541|78140|mf|1|fw
2542|52940|mf|1|fw
2543|52940|mf|1|fw
2546|8533|mf|1|fw
2547|8533|mf|1|fw
2549|39204|mf|1|fw
2550|39204|mf|1|fw
2556|85352|mf|1|la
2557|85352|mf|1|la
2558|15076|mf|1|la
2559|100887|mf|0|fw
2560|100887|mf|0|fw
2560|15076|mf|0|la
2565|58877|mf|0|la
2572|3273|oi|0|fw
2572|85352|di|0|la
2578|3273|da|0|no
2731|21095|di|0|la
2732|40539|di|1|la
2733|13867|mf|0|la
2734|39204|mf|1|fw
2734|21095|mf|1|la
2735|21095|mf|1|la
2737|8533|oi|1|fw
2738|8533|oi|1|fw
2742|52940|oi|1|fw
2743|40539|di|1|la
2745|78140|mf|1|fw
2747|15076|mf|1|fw
2753|40539|da|0|la
2753|52940|oa|0|fw
2768|131897|da|0|la
2769|154685|di|0|la
2770|154685|di|1|la
2771|40539|di|1|la
2772|40539|di|1|la
2774|80480|di|1|la
2775|80480|di|1|la
2777|95742|mf|1|la
2778|95742|mf|1|la
2778|59115|mf|1|la
2779|59115|mf|1|la
2782|40539|di|1|la
2783|40539|di|1|la
2784|154685|di|1|fw
2785|154685|mf|1|fw
2791|47659|oi|1|fw
2792|58877|di|0|la
2794|13867|oi|1|fw
2797|100887|mf|0|fw
2797|15403|mf|0|la
2799|100887|mf|1|fw
2803|40539|mf|1|fw
2804|40539|mf|1|la
2806|95742|mf|1|fw
2807|95742|mf|1|fw
2809|47659|oi|0|fw
2810|47659|oi|0|fw
2810|15403|di|0|la
2830|85352|da|0|no
2837|58877|di|0|la
2880|3273|mf|1|la
2881|13867|mf|1|fw
2882|13867|mf|1|fw
2886|77711|oi|1|fw
2887|78140|di|0|la
2891|58877|da|0|la
2891|100887|oa|0|fw
2895|100887|da|0|no
2922|72162|da|0|la
2924|80480|mf|0|la
2924|8533|mf|0|fw
2925|21095|mf|1|fw
2927|39204|mf|0|fw
2927|95742|mf|0|la
2929|52940|mf|1|fw
2930|80480|mf|0|la
2934|52940|oi|0|fw
2934|80480|di|0|la
2942|8533|oi|0|fw
2944|40539|da|0|la
2944|12297|oa|0|fw
2959|12297|da|0|no
2994|131897|da|0|la
3000|21095|mf|0|fw
3001|21095|mf|0|fw
3001|131897|mf|0|la
3006|80480|mf|0|la
3008|21095|di|1|fw
3009|8533|mf|1|fw
3010|95742|mf|0|la
3011|95742|mf|0|la
3011|8533|mf|0|fw
3019|52940|mf|0|fw
3023|21095|di|0|fw
3024|21095|da|1|fw
3030|106824|mf|1|la
3031|58877|mf|1|la
3031|106824|mf|1|la
3032|58877|mf|1|la
3034|15403|mf|1|la
3035|15403|mf|1|la
3038|15076|mf|1|la
3039|15076|mf|1|la
3045|78140|mf|1|la
3049|154685|da|0|la
3050|154685|da|0|fw
3060|58877|oi|0|la
3060|15403|oi|0|la
3061|58877|oi|1|la
3061|15403|oi|1|la
3065|15076|mf|1|la
3066|15076|mf|1|la
3071|78140|mf|1|la
3073|59115|mf|0|la
3074|95742|mf|0|la
3075|95742|mf|1|la
3076|39204|mf|0|fw
3077|95742|mf|1|la
3077|59115|mf|1|fw
3078|59115|mf|1|fw
3080|100887|mf|1|fw
3081|15076|mf|0|la
3083|78140|di|0|la
3084|15076|di|1|la
3085|15076|di|1|la
3087|78140|di|1|la
3088|39204|mf|1|la
3088|78140|di|1|la
3089|39204|mf|1|la
3092|78140|di|1|la
3093|78140|di|1|la
3096|12297|mf|1|la
3098|47659|di|1|la
3101|12297|oi|0|fw
3101|59115|di|0|la
3103|52940|oa|0|fw
3104|131897|da|0|no
3105|131897|da|0|la
3111|131897|da|0|la
3112|39204|mf|1|fw
3114|52940|mf|1|fw
3115|40539|di|0|la
3117|52940|oi|0|fw
3118|52940|oi|1|fw
3122|15403|mf|1|fw
3123|15403|mf|1|la
3124|58877|mf|1|la
3125|58877|mf|1|la
3127|106824|mf|1|la
3128|106824|mf|1|la
3129|58877|mf|1|la
3130|58877|mf|1|la
3131|78140|mf|1|la
3132|78140|mf|1|la
3134|21095|mf|1|fw
3135|21095|mf|1|fw
3139|12297|oa|0|fw
3140|154685|da|0|la
3142|77711|di|0|la
3143|52940|oi|0|fw
3143|77711|di|0|la
3144|52940|oa|0|fw
3144|77711|da|0|la
3154|80480|di|0|la
3155|40539|da|1|la
3158|78140|mf|1|fw
3159|15076|mf|0|fw
3161|15076|mf|1|la
3164|58877|mf|1|la
3165|58877|mf|1|la
3172|47659|di|0|fw
3172|106824|oi|0|la
3174|58877|oa|1|fw
3175|15403|oi|1|fw
3176|15403|oi|0|fw
3176|131897|da|0|la
3178|15403|oa|0|fw
3178|131897|da|0|la
3204|15403|oa|0|fw
3218|47659|da|0|la
3218|106824|oa|0|fw
3238|13867|da|0|no
3248|154685|di|0|la
3248|131897|da|0|la
3249|154685|di|1|la
3249|59115|di|1|la
3250|154685|di|1|la
3250|59115|di|1|la
3251|154685|di|1|la
3251|131897|da|1|la
3252|131897|da|1|la
3254|40539|da|1|la
3255|40539|da|1|la
3257|95742|di|1|la
3258|95742|di|1|la
3261|40539|da|1|la
3262|40539|da|1|la
3264|131897|da|1|la
3265|131897|da|1|la
3268|154685|da|1|la
3269|154685|di|1|la
3277|40539|di|1|la
3278|40539|di|1|la
3281|154685|di|1|fw
3282|47659|mf|1|fw
3282|154685|di|1|fw
3283|47659|mf|1|fw
3285|154685|di|1|fw
3286|154685|di|1|fw
3291|131897|da|1|la
3292|131897|di|1|la
3295|95742|di|1|la
3296|95742|di|1|la
3300|40711|da|0|no
3302|15403|da|0|no
3303|40711|mf|0|la
3303|15403|mf|0|fw
3312|40539|mf|0|la
3314|52940|di|0|la
3315|3273|oi|1|fw
3319|40711|oa|0|fw
3320|52940|da|0|no
3321|52940|da|0|la
3393|72162|da|0|no
3393|59115|oa|0|fw
3451|8533|mf|1|fw
3453|15403|mf|0|fw
3454|59115|mf|1|fw
3459|72162|da|0|la
3460|72162|da|0|la
3462|78140|di|0|la
3463|78140|di|1|la
3463|15403|mf|1|la
3464|15403|mf|1|la
3472|78140|di|1|la
3473|78140|mf|1|la
3474|15403|mf|1|la
3475|15403|mf|1|la
3477|58877|mf|1|la
3478|58877|mf|1|la
3481|78140|di|1|la
3482|78140|di|1|la
3486|58877|di|1|la
3487|58877|di|1|la
3488|106824|mf|1|la
3489|106824|mf|1|la
3490|15403|mf|1|la
3491|58877|mf|1|la
3491|15403|mf|1|la
3492|58877|mf|1|la
3493|78140|di|1|la
3494|78140|di|1|la
3497|72162|da|1|la
3498|72162|da|1|la
3504|21095|da|1|la
3505|21095|mf|1|fw
3512|106824|oi|1|la
3513|106824|oi|1|la
3514|58877|mf|1|la
3515|58877|mf|1|la
3518|3273|mf|0|fw
3519|15076|mf|1|la
3521|3273|mf|0|fw
3523|3273|oi|1|fw
3527|95742|oa|0|fw
3529|78140|da|0|la
3530|78140|da|0|la
3530|95742|oa|0|fw
3558|77711|oa|0|fw
3561|15076|da|0|la
3567|95742|oi|0|fw
3567|106824|di|0|la
3586|21095|di|0|la
3587|21095|di|1|la
3587|15076|mf|0|la
3591|78140|di|1|la
3592|78140|mf|1|la
3597|47659|di|0|fw
3597|106824|oi|0|la
3598|100887|di|0|fw
3598|106824|oi|0|la
3601|15403|oi|1|la
3602|106824|oi|1|fw
3603|106824|oi|1|fw
3604|12297|oa|1|fw
3605|12297|oa|0|fw
3635|3273|mf|1|fw
3640|8533|oi|0|fw
3643|8533|oa|0|fw
3643|131897|da|0|la
3645|8533|da|0|no
3646|131897|da|0|la
3650|131897|da|1|la
3654|100887|mf|0|fw
3654|15403|mf|0|la
3655|100887|mf|1|la
3659|80480|mf|1|la
3660|100887|mf|1|la
3660|80480|mf|1|la
3661|100887|mf|1|la
3662|95742|mf|1|la
3663|95742|mf|1|la
3664|59115|mf|1|la
3665|59115|mf|1|fw
3666|100887|oi|1|fw
3666|40711|mf|1|fw
3667|100887|oi|1|fw
3667|40711|mf|1|fw
3669|40711|mf|1|la
3670|40711|oi|1|la
3674|80480|oa|0|la
3675|21095|da|0|la
3677|58877|da|0|la
3680|3273|oi|1|fw
3684|47659|oi|1|fw
3685|47659|oi|1|fw
3686|95742|oi|1|fw
3687|95742|mf|1|fw
3688|47659|oi|0|fw
3688|106824|di|0|la
3723|77711|oi|0|fw
3725|12297|da|0|la
3730|80480|mf|1|la
3732|131897|di|1|la
3735|12297|mf|0|fw
3735|131897|mf|0|la
3742|52940|mf|0|fw
3744|21095|di|0|fw
3745|21095|di|1|fw
3748|8533|oi|0|fw
3749|80480|da|0|no
3750|80480|di|0|la
3750|21095|oi|0|fw
3771|80480|di|0|la
3772|40711|mf|0|la
3772|15076|mf|0|fw
3773|40711|mf|1|la
3774|40711|oi|0|la
3774|15076|di|0|fw
3788|52940|mf|0|fw
3791|80480|mf|1|la
3792|59115|mf|0|la
3794|77711|mf|1|la
3795|15076|mf|0|fw
3800|15076|mf|1|fw
3802|78140|di|1|la
3803|78140|di|1|la
3805|58877|mf|1|la
3806|58877|mf|1|la
3806|106824|mf|1|la
3807|106824|mf|1|la
3808|15403|mf|1|la
3809|15403|mf|1|la
3816|106824|oa|0|fw
3818|40539|da|0|la
3820|39204|oi|0|fw
3820|40711|di|0|la
3821|40711|di|0|la
3823|40711|di|0|fw
3823|15403|oi|0|la
3824|59115|di|1|la
3832|3273|oi|1|la
3834|52940|di|0|fw
3834|77711|oi|0|la
3867|77711|oi|0|la
3869|21095|da|0|la
3871|95742|oi|1|fw
3871|59115|oi|1|fw
3872|59115|oi|1|fw
3873|40711|oi|1|fw
3874|12297|di|0|la
3878|100887|oi|0|fw
3878|21095|di|0|la
3880|58877|di|0|la
3883|47659|mf|0|fw
3883|106824|mf|0|la
3884|47659|mf|0|fw
3884|106824|mf|0|la
3886|106824|mf|0|la
3887|15403|mf|0|la
3888|15403|mf|1|la
3891|106824|mf|1|la
3892|106824|mf|1|la
3895|58877|di|1|la
3896|58877|di|1|la
3897|78140|di|1|la
3898|78140|di|1|la
3902|21095|di|1|la
3903|21095|mf|1|fw
3909|106824|oi|0|la
3920|47659|di|0|fw
3926|100887|mf|0|fw
3927|100887|oi|1|fw
3927|40711|mf|1|fw
3928|40711|mf|1|fw
3929|95742|mf|1|la
3930|95742|mf|1|la
3934|80480|oi|1|la
3935|80480|oa|1|la
3936|95742|oi|1|la
3937|95742|oi|0|la
3938|3273|oa|0|fw
3938|78140|da|0|la
3939|3273|oa|0|fw
3941|3273|oa|0|fw
3941|78140|da|0|la
3953|72162|da|0|la
3958|58877|mf|1|la
3961|40539|di|1|la
3962|95742|di|1|la
3965|58877|mf|1|la
3969|106824|mf|1|la
3970|106824|mf|1|la
3971|15403|mf|1|la
3972|15403|mf|1|la
3976|106824|oi|1|la
3977|15403|oi|1|la
3977|106824|oi|1|la
3978|15403|oi|1|la
3980|106824|oi|1|la
3984|154685|di|0|fw
3985|106824|oi|1|la
3987|12297|oi|1|la
3987|59115|di|0|fw
3990|15403|oi|0|la
3990|59115|di|0|fw
3991|15403|da|0|no
4030|47659|di|0|fw
4032|59115|di|0|fw
4038|78140|di|0|la
4041|78140|di|1|la
4045|21095|di|1|fw
4046|21095|di|1|fw
4048|12297|mf|1|fw
4051|80480|di|1|la
4052|40539|mf|1|la
4053|40539|mf|0|la
4053|12297|mf|0|fw
4069|52940|mf|0|fw
4071|40539|di|0|la
4071|12297|oi|1|fw
4082|80480|di|0|la
4085|52940|mf|1|fw
4087|39204|mf|1|fw
4088|39204|mf|1|fw
4090|78140|di|1|fw
4092|59115|mf|1|la
4095|40711|mf|0|la
4095|15076|mf|0|fw
4098|3273|mf|0|la
4098|39204|mf|1|fw
4098|78140|mf|0|fw
4099|39204|mf|1|fw
4099|78140|mf|1|la
4099|15076|mf|1|fw
4100|15076|mf|1|fw
4101|8533|mf|1|fw
4102|8533|mf|1|fw
4107|15403|mf|1|la
4108|15403|oi|1|la
4109|106824|oi|1|la
4111|3273|da|0|la
4111|15403|oa|0|fw
4120|131897|da|0|la
4122|80480|di|0|la
4123|80480|mf|1|la
4125|95742|mf|1|la
4127|52940|mf|1|fw
4128|39204|mf|0|fw
4129|39204|mf|1|fw
4129|12297|mf|1|fw
4130|12297|mf|1|fw
4131|52940|mf|1|fw
4132|52940|mf|1|fw
4134|21095|di|1|fw
4138|131897|di|0|la
4139|131897|da|1|la
4140|154685|di|1|la
4141|154685|di|1|la
4144|59115|di|1|la
4149|72162|da|0|la
4150|72162|da|0|la
4152|78140|di|0|la
4153|78140|di|1|la
4153|15403|mf|1|la
4154|15403|mf|1|la
4155|58877|mf|1|la
4156|58877|mf|1|la
4157|15403|mf|1|la
4158|15403|mf|1|la
4161|78140|di|1|la
4162|78140|di|1|la
4165|21095|di|1|la
4166|52940|mf|1|fw
4166|21095|mf|1|fw
4167|52940|mf|1|fw
4172|72162|da|1|la
4175|100887|mf|1|fw
4175|59115|mf|1|fw
4176|100887|mf|1|fw
4177|40711|mf|0|fw
4178|40711|mf|1|fw
4181|52940|da|1|la
4183|72162|da|0|la
4185|21095|da|1|la
4187|95742|oa|0|la
4189|77711|oa|0|fw
4190|77711|oa|0|fw
4190|21095|di|0|la
4191|72162|da|0|la
4191|100887|oa|0|fw
4194|72162|da|0|la
4198|72162|da|0|la
4199|15403|di|0|la
4200|15403|mf|1|la
4201|58877|mf|1|la
4202|58877|mf|1|la
4206|15403|mf|1|la
4207|58877|mf|1|la
4207|15403|mf|1|la
4208|58877|mf|1|la
4208|39204|mf|1|la
4209|39204|mf|1|la
4212|131897|da|0|la
4213|106824|oi|0|fw
4260|3273|da|0|no
4286|40711|mf|1|fw
4287|95742|mf|1|fw
4289|58877|mf|1|la
4290|15403|mf|0|la
4291|15076|mf|1|la
4292|15076|mf|1|la
4293|58877|mf|1|la
4294|58877|mf|1|la
4296|12297|oi|1|la
4297|12297|oi|1|la
4300|106824|oa|1|fw
4303|80480|da|0|la
4305|12297|oi|0|fw
4305|131897|da|0|la
4308|131897|da|0|la
4312|77711|mf|0|la
4314|77711|oi|0|la
4314|21095|di|0|fw
4333|52940|di|0|fw
4334|39204|mf|0|fw
4335|39204|mf|1|fw
4336|52940|di|1|fw
4339|40539|mf|0|la
4339|12297|mf|0|fw
4353|52940|mf|0|fw
4356|21095|mf|0|fw
4357|21095|mf|1|fw
4363|72162|da|1|la
4367|80480|mf|0|la
4367|8533|mf|0|fw
4370|39204|mf|0|fw
4370|95742|mf|0|la
4371|80480|mf|1|la
4372|59115|di|0|la
4373|95742|di|1|la
4375|15076|mf|1|fw
4377|15403|mf|0|la
4381|106824|oi|1|la
4382|106824|oi|1|la
4383|58877|oi|1|la
4384|58877|oi|1|la
4386|15076|mf|1|la
4387|15076|mf|1|la
4389|52940|mf|1|fw
4390|52940|mf|1|fw
4393|21095|mf|1|fw
4397|131885|di|0|fw
4398|131885|di|0|fw
4398|106824|oi|0|la
4406|58877|oi|0|la
4406|15403|oi|0|la
4407|15403|oi|1|la
4408|106824|oi|1|la
4409|106824|oi|1|la
4411|15403|oa|1|la
4412|15403|oa|0|fw
4416|52940|oa|0|fw
4416|131885|da|0|la
4442|131897|da|0|la
4444|58877|da|0|la
4444|131885|oa|0|fw
4445|58877|da|0|la
4445|131885|oa|0|fw
4447|131885|oa|0|fw
4450|40711|oa|0|fw
4451|40711|oa|0|fw
4451|21095|da|0|la
4454|78140|di|0|la
4455|78140|di|1|la
4457|12297|mf|1|la
4458|12297|mf|1|la
4458|15403|mf|1|la
4459|15403|mf|1|la
4463|106824|mf|1|la
4464|106824|mf|1|la
4465|15403|mf|1|la
4466|15403|mf|1|la
4466|106824|mf|1|la
4467|106824|mf|1|la
4470|15076|mf|1|la
4471|15076|mf|1|la
4475|21095|di|1|fw
4476|21095|mf|1|fw
4480|8533|mf|1|fw
4481|8533|mf|1|fw
4484|21095|di|1|fw
4485|21095|di|1|fw
4491|52940|oi|1|fw
4492|52940|oa|1|fw
4495|40539|da|0|la
4495|8533|oa|0|fw
4497|8533|oa|1|fw
4499|15403|oa|1|fw
4500|15403|oa|0|fw
4500|59115|da|0|la
4503|15076|oi|1|fw
4504|39204|oi|1|fw
4505|39204|oi|1|fw
4510|8533|oi|1|fw
4512|77711|di|0|la
4515|77711|di|0|la
4515|8533|oi|0|fw
4585|8533|oi|0|fw
4585|131897|da|0|la
4589|131897|da|0|la
4597|131897|da|0|la
4598|15076|mf|1|fw
4599|8533|oi|1|fw
4600|8533|oi|1|fw
4601|12297|oa|0|fw
4601|154685|da|0|la
4603|12297|oa|1|fw
4604|15076|oa|1|fw
4605|15076|oa|0|fw
4605|131897|da|0|la
4606|154685|da|0|la
4608|154685|da|0|fw
4608|15076|oa|0|la
4616|15403|oa|0|la
4618|47659|da|0|fw
4618|106824|oa|0|la
4621|106824|oa|1|fw
4624|15403|oa|0|la
4627|47659|da|0|la
4643|59115|di|0|la
4643|131897|da|0|la
4644|95742|mf|1|la
4644|59115|di|1|la
4645|100887|mf|1|fw
4645|95742|mf|1|la
4646|100887|mf|1|fw
4647|95742|mf|1|fw
4648|95742|mf|1|fw
4649|47659|mf|1|fw
4650|47659|mf|1|fw
4656|131885|oi|0|fw
4656|15076|di|0|la
4656|106824|di|0|la
4657|131885|oi|1|fw
4659|52940|di|0|la
4660|52940|di|0|la
4660|15076|di|1|la
4661|15076|di|1|la
4664|15403|mf|1|la
4674|80480|da|0|la
4674|8533|oa|0|fw
4697|131897|da|0|la
4702|40539|da|0|la
4703|40539|di|1|la
4704|131897|da|1|la
4705|131897|da|1|la
4706|154685|di|1|fw
4707|154685|di|1|fw
4712|59115|di|1|la
4713|59115|di|1|la
4714|131885|mf|1|fw
4715|131885|mf|1|fw
4716|154685|di|1|fw
4717|47659|mf|1|fw
4717|154685|di|1|fw
4718|47659|mf|1|fw
4719|154685|di|1|fw
4720|154685|di|1|fw
4720|59115|di|1|fw
4721|59115|di|1|fw
4726|154685|mf|1|fw
4731|72162|da|1|la
4731|78140|da|0|la
4732|72162|da|1|la
4738|58877|di|1|la
4739|58877|di|1|la
4741|12297|mf|0|la
4741|154685|mf|0|fw
4742|12297|mf|1|la
4743|59115|mf|1|fw
4745|40539|di|0|la
4747|131897|da|1|la
4752|15076|mf|1|la
4753|15076|mf|0|la
4753|131897|mf|0|fw
4768|77711|da|0|no
4777|47659|mf|0|fw
4781|40539|di|0|la
4782|40539|mf|1|la
4783|80480|mf|1|la
4784|80480|mf|1|la
4786|40539|mf|1|la
4787|40539|mf|1|la
4790|154685|mf|1|fw
4791|154685|mf|1|fw
4795|47659|mf|1|fw
4796|47659|mf|1|fw
4799|40711|mf|1|fw
4800|40711|oi|1|fw
4805|100887|oa|0|fw
4807|100887|oa|0|fw
4807|52940|da|0|la
4854|39204|da|0|no
4868|72162|da|0|la
4872|59115|mf|1|la
4875|40711|mf|1|la
4877|78140|mf|1|la
4881|106824|mf|1|la
4882|15403|mf|1|la
4882|106824|oi|1|la
4883|15403|mf|1|la
4894|12297|oa|0|fw
4895|80480|da|0|la
4896|80480|da|1|la
4904|21095|da|1|fw
4906|78140|di|1|la
4907|78140|di|1|la
4909|58877|mf|1|la
4910|58877|mf|1|la
4912|47659|mf|0|fw
4912|106824|mf|0|la
4913|47659|mf|0|fw
4913|106824|mf|0|la
4922|58877|mf|0|la
4922|15403|mf|0|la
4923|15403|mf|1|la
4924|58877|mf|1|la
4925|58877|mf|1|la
4928|106824|oi|1|la
4929|95742|di|0|fw
4931|47659|da|0|la
4934|15403|oa|1|fw
4936|47659|da|0|la
4936|106824|oa|0|fw
4939|131885|di|0|la
4941|131885|di|1|la
4943|40711|mf|1|la
4944|40711|di|1|la
4950|80480|oi|0|la
4950|15076|di|0|fw
4952|80480|oi|0|la
4952|15076|di|0|fw
4961|80480|oi|0|la
4962|95742|oa|0|la
4963|95742|oa|1|la
4967|100887|oa|0|fw
4967|41733|di|0|la
5016|59115|oa|0|fw
5016|15076|da|0|la
5020|80480|oi|0|la
5020|8533|di|0|fw
5022|59115|oi|1|la
5024|59115|oi|0|la
5024|41733|di|0|fw
5026|59115|oi|0|la
5028|131971|oa|0|fw
5029|131971|oa|0|fw
5029|41733|da|0|la
5056|72162|da|0|la
5062|154685|di|1|la
5064|131897|da|0|la
5065|12297|oa|0|fw
5065|131897|da|0|la
5066|131897|da|1|la
5069|100887|mf|0|la
5069|52940|mf|0|fw
5072|15076|mf|0|fw
5073|15076|mf|1|fw
5079|8533|oa|0|fw
5081|80480|da|0|la
5082|40539|da|0|la
5083|40539|di|0|la
5083|8533|oi|0|fw
5088|52940|oi|0|fw
5092|8533|oa|0|fw
5093|8533|oa|1|fw
5097|41733|oa|1|fw
5098|41733|oi|1|fw
5098|15076|oi|1|fw
5099|15076|oi|1|fw
5104|8533|oa|1|fw
5105|8533|oi|1|fw
5110|58877|oi|1|la
5111|58877|oa|1|la
5112|15403|oi|1|la
5113|15403|oi|1|la
5115|58877|oa|0|la
5117|47659|da|0|la
5118|58877|oa|0|la
5118|47659|da|0|fw
5122|58877|oa|0|la
5127|15403|mf|1|la
5130|80480|da|0|la
5133|100887|di|0|la
5133|52940|oi|0|fw
5148|80480|di|0|la
5149|154685|di|0|la
5150|154685|di|1|la
5151|40711|mf|1|fw
5152|52940|mf|0|la
5152|40711|mf|0|fw
5164|58877|mf|0|la
5164|15403|mf|0|la
5165|58877|mf|1|la
5165|15403|mf|1|la
5166|58877|mf|1|la
5168|12297|mf|1|la
5169|59115|mf|0|fw
5171|154685|mf|0|fw
5173|131885|mf|0|fw
5173|106824|mf|0|la
5175|47659|mf|1|fw
5179|78140|da|1|la
5182|72162|da|1|la
5185|59115|mf|1|fw
5187|78140|di|1|la
5188|15403|mf|1|la
5189|131885|mf|0|fw
5191|58877|mf|0|la
5191|131885|mf|0|fw
5210|47659|mf|0|fw
5210|154685|mf|0|fw
5211|154685|mf|1|fw
5213|40539|mf|1|la
5214|40539|mf|1|la
5218|95742|mf|1|la
5223|95742|oa|0|la
5223|21095|da|0|fw
5243|52940|da|0|fw
5244|8533|di|1|fw
5245|95742|oi|0|la
5246|95742|oi|1|la
5247|100887|oi|0|la
5251|95742|oi|0|la
5251|41733|di|0|fw
5271|21095|di|0|fw
5275|12297|oi|0|fw
5279|131897|da|0|no
5284|131897|da|0|la
5288|100887|mf|0|la
5289|100887|mf|1|la
5290|40711|mf|1|la
5291|40711|mf|1|la
5293|154685|mf|1|fw
5294|47659|mf|1|fw
5294|154685|mf|1|fw
5295|47659|mf|1|fw
5300|154685|mf|0|fw
5302|154685|mf|0|fw
5302|106824|mf|0|la
5320|58877|mf|0|la
5322|15403|mf|0|la
5325|131897|da|0|la
5328|131897|da|1|la
5330|154685|di|1|fw
5331|154685|di|1|fw
5335|40539|da|1|la
5336|40539|di|1|la
5338|59115|di|1|la
5339|59115|mf|1|fw
5341|47659|mf|1|fw
5342|47659|mf|1|fw
5344|58877|mf|0|la
5344|40711|mf|0|fw
5347|15403|mf|0|la
5348|15403|mf|1|la
5350|40711|mf|0|fw
5351|40711|mf|1|fw
5355|95742|mf|0|la
5355|41733|mf|0|fw
5386|12297|da|0|no
5394|40539|mf|0|la
5394|154685|mf|0|fw
5395|154685|mf|1|fw
5400|58877|da|0|la
5400|47659|oa|0|fw
5403|58877|da|0|la
5404|58877|da|1|la
5405|39187|mf|0|la
5405|154685|mf|0|fw
5421|58877|di|0|la
5423|72162|da|1|la
5426|72162|mf|0|la
5426|154685|mf|0|fw
5437|47659|mf|0|fw
5440|58877|di|0|la
5440|131885|oi|0|fw
5469|40711|oi|0|fw
5472|41733|da|0|la
5475|15403|mf|1|la
5478|80480|mf|0|la
5481|95742|mf|1|la
5483|40711|mf|0|fw
5485|40711|oi|1|fw
5492|131885|oi|1|fw
5493|131885|oi|1|fw
5494|47659|oi|0|fw
5497|58877|da|0|la
5497|47659|oa|0|fw
5521|72162|da|0|la
5526|100887|mf|1|la
5526|59115|mf|1|la
5527|100887|mf|1|la
5529|131971|mf|0|la
5530|78140|mf|1|la
5533|39187|mf|1|fw
5533|131971|da|0|no
5538|40539|di|0|la
5540|40539|di|1|la
5545|154685|mf|1|fw
5548|78140|di|0|la
5554|95742|mf|1|fw
5554|80480|mf|1|la
5555|80480|mf|1|la
5558|40539|di|1|la
5559|40539|di|1|la
5565|154685|mf|1|fw
5566|39187|mf|0|la
5567|39187|mf|0|la
5567|154685|mf|0|fw
5571|47659|mf|0|fw
5574|131885|oi|0|fw
5575|39187|di|0|la
5575|131885|oi|0|fw
5586|58877|di|0|la
5588|41733|mf|0|la
5589|41733|mf|1|la
5592|39187|mf|0|la
5592|154685|mf|0|fw
5610|15076|mf|0|la
5613|47659|di|0|fw
5613|106824|oi|0|la
5615|47659|di|0|fw
5616|58877|mf|1|la
5618|39187|oi|0|fw
5619|154685|di|0|la
5620|131897|da|1|la
5624|131971|mf|0|la
5624|21095|mf|0|fw
5626|95742|mf|1|la
5628|40711|mf|1|la
5629|40711|mf|1|la
5632|80480|mf|1|la
5635|15076|mf|0|fw
5636|15076|mf|0|fw
5637|52940|di|1|fw
5637|15076|mf|1|fw
5638|52940|di|1|fw
5640|39187|mf|1|fw
5641|40539|mf|1|la
5641|80480|mf|1|la
5642|80480|mf|1|la
5649|40711|mf|0|la
5649|41733|mf|0|fw
5653|95742|mf|0|la
5656|100887|mf|0|la
5657|100887|oi|1|la
5660|40711|oi|1|fw
5664|47659|oa|0|fw
5664|106824|da|0|la
5665|15403|di|1|la
5666|106824|di|0|la
5672|106824|mf|1|la
5674|15403|mf|1|la
5675|15403|mf|1|la
5677|58877|di|0|la
5677|131885|oi|0|fw
5679|58877|mf|1|la
5683|154685|mf|0|fw
5683|106824|mf|1|la
5685|58877|mf|1|la
5687|15403|mf|1|la
5692|80480|mf|1|la
5693|100887|da|0|no
5695|100887|mf|0|la
5695|52940|mf|0|fw
5696|95742|mf|0|la
5697|100887|mf|0|la
5697|95742|mf|1|la
5698|59115|mf|1|la
5699|59115|mf|1|la
5703|78140|di|0|la
5703|131971|oi|0|fw
5704|78140|di|0|la
5704|131885|oi|0|fw
5706|15076|di|1|la
5707|58877|di|0|la
5708|58877|di|1|la
5713|15403|mf|1|la
5714|15403|mf|1|la
5720|39187|oa|1|fw
5721|39187|oa|0|fw
5721|131897|da|0|la
5724|95742|da|1|la
5725|40539|da|0|la
5727|106824|oa|0|fw
5728|100887|mf|0|la
5728|52940|mf|0|fw
5734|100887|oi|0|la
5734|41733|di|0|fw
5736|52940|di|0|fw
5737|21095|da|1|la
5743|131897|di|0|la
5745|131897|di|1|la
5749|47659|mf|1|fw
5750|47659|mf|1|fw
5752|59115|mf|1|fw
5757|78140|da|0|la
5759|78140|di|0|la
5759|59115|oi|0|fw
5761|131885|oa|0|fw
5761|59115|oi|0|fw
5762|59115|oi|1|fw
